free_thresh: 0.196
image: mappaRobodogC.pgm
negate: 0
occupied_thresh: 0.65
origin: [5.700000000000003, -19.049999999999997, 0.0]
resolution: 0.05
